IDNUM NAME EX LNAME FA FB FC FD FE FF FG FH FI FJ REELS CHIP Shape MCOND DCOND DCOND2 ICOND SKIP A PACK PACKB SSIZE RETRY ESTOP ThrowAway LandA LandB LandC LandD PreSend NoArrange Proved UsePeriod C CoverSize Teach C2 RETRYCOUNT ESTOPCOUNT RETRYCOUNT2 SICOND HRMCOND HPICOND SL InCOND FeederEX MSD NPI LCR REELTYPECHG FEEDLENCHG
2338 "2001253" 0 "Main_Library" 302162 302482 337562 338362 350962 0 0 0 0 0 1 0 2338 2338 0 0 0 0 0.000 0 0 0 3 3 0 0 0 0 0 0 0 0 0 "0603R" 0 2 "" 0 3 1 0 0 0 "" 0 0 0 0 0 0 0
2344 "2001307" 0 "Main_Library" 302162 302482 337562 338362 350962 0 0 0 0 0 1 0 2344 2344 0 0 0 0 0.000 0 0 0 3 3 0 0 0 0 0 0 0 0 0 "CAY16-F4" 0 2 "" 0 3 1 0 0 0 "" 0 0 0 0 0 0 0
2346 "2001376" 0 "Main_Library" 302002 302322 337402 338202 350802 0 0 0 0 0 1 0 2346 2346 0 0 0 0 0.000 0 0 0 3 3 0 0 0 0 0 0 0 0 0 "0603R" 0 2 "" 0 3 1 0 0 0 "" 0 0 0 0 0 0 0
2355 "2001249" 0 "Main_Library" 302162 302482 337562 338362 350962 0 0 0 0 0 1 0 2355 2355 0 0 0 0 0.000 0 0 0 3 3 0 0 0 0 0 0 0 0 0 "0805R" 0 2 "" 0 3 1 0 0 0 "" 0 0 0 0 0 0 0
2356 "2001319" 0 "Main_Library" 302182 302502 337582 338382 0 0 0 0 0 0 1 0 2356 2356 0 0 0 0 0.000 0 0 0 3 3 0 0 0 0 0 0 0 0 0 "L-C170" 0 2 "" 0 3 1 0 0 0 "" 0 0 0 0 0 0 0
2365 "2001270" 0 "Main_Library" 1001 0 0 0 0 0 0 0 0 0 1 0 2365 2365 0 0 0 0 0.000 0 0 0 3 3 2 0 0 0 0 0 0 0 0 "PQFP-128" 0 2 "" 0 3 1 0 0 0 "" 0 0 0 0 0 0 0
2366 "2001311" 0 "Main_Library" 302162 302482 337562 338362 350962 0 0 0 0 0 1 0 2366 2366 0 0 0 0 0.000 0 0 0 3 3 0 0 0 0 0 0 0 0 0 "NFM18PC(1.6*0.8*0.8)" 0 2 "" 0 3 1 0 0 0 "" 0 0 0 0 0 0 0
2368 "2001293" 0 "Main_Library" 302182 302502 337582 338382 0 0 0 0 0 0 1 0 2368 2368 0 0 0 0 0.000 0 0 0 3 3 0 0 0 0 0 0 0 0 0 "UDFN10" 0 2 "" 0 3 1 0 0 0 "" 0 0 0 0 0 0 0
2369 "2001290" 0 "Main_Library" 303783 0 0 0 0 0 0 0 0 0 1 0 2369 2369 0 0 0 0 0.000 0 0 0 3 3 0 0 0 0 0 0 0 0 0 "SMC" 0 2 "" 0 3 1 0 0 0 "" 0 0 0 0 0 0 0
2370 "2001291" 0 "Main_Library" 302823 0 0 0 0 0 0 0 0 0 1 0 2370 2370 0 0 0 0 0.000 0 0 0 3 3 0 0 0 0 0 0 0 0 0 "SMB/DO-214AA" 0 2 "" 0 3 1 0 0 0 "" 0 0 0 0 0 0 0
2371 "2001300" 0 "Main_Library" 302182 302502 337582 338382 0 0 0 0 0 0 1 0 2371 2371 0 0 0 0 0.000 0 0 0 3 3 0 0 0 0 0 0 0 0 0 "1210R" 0 2 "" 0 3 1 0 0 0 "" 0 0 0 0 0 0 0
2372 "2001274" 0 "Main_Library" 303624 0 0 0 0 0 0 0 0 0 1 0 2372 2372 0 0 0 0 90.000 0 0 0 3 3 0 0 0 0 0 0 0 0 0 "SOT-223-5" 0 2 "" 0 3 1 0 0 0 "" 0 0 0 0 0 0 0
2373 "2001221" 0 "Main_Library" 302182 302502 337582 338382 0 0 0 0 0 0 1 0 2373 2373 0 0 0 0 0.000 0 0 0 3 3 0 0 0 0 0 0 0 0 0 "SOD-323\SC-76" 0 2 "" 0 3 1 0 0 0 "" 0 0 0 0 0 0 0
2374 "2001288" 0 "Main_Library" 302182 302502 337582 338382 0 0 0 0 0 0 1 0 2374 2374 0 0 0 0 90.000 0 0 0 3 3 0 0 0 0 0 0 0 0 0 "SC-70-6" 0 2 "" 0 3 1 0 0 0 "" 0 0 0 0 0 0 0
2376 "2001374" 0 "Main_Library" 302182 302502 337582 338382 0 0 0 0 0 0 1 0 2376 2376 0 0 0 0 0.000 0 0 0 3 3 0 0 0 0 0 0 0 0 0 "NX3225SA" 0 2 "" 0 3 1 0 0 0 "" 0 0 0 0 0 0 0
2377 "2001266" 0 "Main_Library" 303624 0 0 0 0 0 0 0 0 0 1 0 2377 2377 0 0 0 0 0.000 0 0 0 3 3 0 0 0 0 0 0 0 0 0 "SFH6156 (tray2)" 0 2 "" 0 3 1 0 0 0 "" 0 0 4 0 0 0 0
2383 "2001281" 0 "Main_Library" 1003 0 0 0 0 0 0 0 0 0 1 0 2383 2383 0 0 0 0 0.000 0 0 0 3 3 0 0 0 0 0 0 0 0 0 "SO-8" 0 2 "" 0 3 1 0 0 0 "" 0 0 0 0 0 0 0
2384 "2001280" 0 "Main_Library" 302823 0 0 0 0 0 0 0 0 0 1 0 2384 2384 0 0 0 0 0.000 0 0 0 3 3 0 0 0 0 0 0 0 0 0 "QFN-16 (4x4 pin)" 0 2 "" 0 3 1 0 0 0 "" 0 0 0 0 0 0 0
2390 "2001275" 0 "Main_Library" 302983 0 0 0 0 0 0 0 0 0 1 0 2390 2390 0 0 0 0 0.000 0 0 0 3 3 0 0 0 0 0 0 0 0 0 "SO-8" 0 2 "" 0 3 1 0 0 0 "" 0 0 0 0 0 0 0
2391 "2001313" 0 "Main_Library" 304426 0 0 0 0 0 0 0 0 0 1 0 2391 2391 0 0 0 0 0.000 0 0 0 3 3 0 0 0 0 0 0 0 0 0 "112J-TDAR-R" 0 2 "" 0 3 1 0 0 0 "" 0 0 0 0 0 0 0
2392 "2001323" 0 "Main_Library" 305224 0 0 0 0 0 0 0 0 0 1 0 2392 2392 0 0 0 0 0.000 0 0 0 3 3 0 0 0 0 0 0 0 0 0 "DF13-14P-1.25V" 0 2 "" 0 3 1 0 0 0 "" 0 0 0 0 0 0 0
2405 "2001252" 0 "Main_Library" 302162 302482 337562 338362 350962 0 0 0 0 0 1 0 2405 2405 0 0 0 0 0.000 0 0 0 3 3 0 0 0 0 0 0 0 0 0 "0603R" 0 2 "" 0 3 1 0 0 0 "" 0 0 0 0 0 0 0
2748 "2001255" 0 "Main_Library" 302002 302322 337402 338202 350802 0 0 0 0 0 1 0 2748 2748 0 0 0 0 0.000 0 0 0 3 3 0 0 0 0 0 0 0 0 0 "0603R" 0 2 "" 0 3 1 0 0 0 "" 0 0 0 0 0 0 0
2755 "2001698" 0 "Main_Library" 1004 0 0 0 0 0 0 0 0 0 1 0 2755 2755 0 0 0 0 0.000 0 0 0 1 3 2 0 0 0 0 0 0 0 0 "Manual Place Trei 7" 0 2 "" 0 1 1 0 0 0 "" 0 0 0 0 0 0 0
2756 "2001714" 0 "Main_Library" 304425 0 0 0 0 0 0 0 0 0 1 0 2756 2756 0 0 0 0 0.000 0 0 0 3 3 0 0 0 0 0 0 0 0 0 "D2-PAK" 0 2 "" 0 3 1 0 0 0 "" 0 0 0 0 0 0 0
2854 "2001681" 0 "Main_Library" 302001 302321 337401 338201 350801 0 0 0 0 0 1 716 2854 2854 0 0 0 1 0.000 90 0 0 3 3 0 0 0 0 0 0 0 0 0 "0402C" 0 1 "" 0 3 1 0 0 0 "" 0 0 0 0 0 0 0
2856 "2001703" 0 "Main_Library" 302182 302502 337582 338382 0 0 0 0 0 0 1 0 2856 2856 0 0 0 0 0.000 0 0 0 3 3 0 0 0 0 0 0 0 0 0 "0603L SL" 0 2 "" 0 3 1 0 0 0 "" 0 0 0 0 0 0 0
2863 "2001712" 0 "Main_Library" 303624 0 0 0 0 0 0 0 0 0 1 0 2863 2863 0 0 0 0 0.000 0 0 0 3 3 0 0 0 0 0 0 0 0 0 "SMTSO-M25-4ET" 0 2 "" 0 3 1 0 0 0 "" 0 0 0 0 0 0 0
2864 "2001715" 0 "Main_Library" 1005 0 0 0 0 0 0 0 0 0 1 0 2864 2864 0 0 0 1 0.000 0 0 0 3 3 2 0 0 0 0 0 0 0 0 "N5 (tray48)" 0 2 "" 0 3 1 0 0 0 "" 0 0 0 0 0 0 0
2977 "2001813" 0 "Main_Library" 302982 0 0 0 0 0 0 0 0 0 1 0 2977 2977 0 0 0 0 0.000 0 0 0 3 3 0 0 0 0 0 0 0 0 0 "2512R" 0 2 "" 0 3 1 0 0 0 "" 0 0 0 0 0 0 0
5046 "2004009" 0 "Main_Library" 302182 302502 337582 338382 0 0 0 0 0 0 1 0 5046 5046 0 0 0 0 0.000 0 0 0 3 3 0 0 0 0 0 0 0 0 0 "NX3225SA" 0 2 "" 0 3 1 0 0 0 "" 0 0 0 0 0 0 0
5050 "2004011" 0 "Main_Library" 1006 0 0 0 0 0 0 0 0 0 1 0 5050 5050 0 0 0 0 0.000 0 0 0 1 3 2 0 0 0 0 0 0 0 0 "LQFP-48" 0 2 "" 0 3 1 0 0 0 "" 0 0 0 0 0 0 0
5969 "2002429" 0 "Main_Library" 302162 302482 337562 338362 350962 0 0 0 0 0 1 1486 5969 5969 0 0 0 0 0.000 90 0 0 3 3 0 0 0 0 0 0 0 0 0 "0603C" 0 2 "" 0 3 1 0 0 0 "" 0 0 0 0 0 0 0
5972 "2004105" 0 "Main_Library" 302161 302481 337561 338361 350961 0 0 0 0 0 1 1488 5972 5972 0 0 0 0 0.000 90 0 0 3 3 0 0 0 0 0 0 0 0 0 "0402C" 0 2 "" 0 3 1 0 0 0 "" 0 0 0 0 0 0 0
5974 "2003782" 0 "Main_Library" 302983 0 0 0 0 0 0 0 0 0 1 0 5974 5974 0 0 0 0 0.000 0 0 0 3 3 0 0 0 0 0 0 0 0 0 "2220C" 0 2 "" 0 3 1 0 0 0 "" 0 0 0 0 0 0 0
5982 "2003034" 0 "Main_Library" 302162 302482 337562 338362 350962 0 0 0 0 0 1 0 5982 5982 0 0 0 0 0.000 0 0 0 3 3 0 0 0 0 0 0 0 0 0 "0603R" 0 2 "" 0 3 1 0 0 0 "" 0 0 0 0 0 0 0
5983 "2003032" 0 "Main_Library" 302162 302482 337562 338362 350962 0 0 0 0 0 1 0 5983 5983 0 0 0 0 0.000 0 0 0 3 3 0 0 0 0 0 0 0 0 0 "0603R" 0 2 "" 0 3 1 0 0 0 "" 0 0 0 0 0 0 0
5984 "2003029" 0 "Main_Library" 302162 302482 337562 338362 350962 0 0 0 0 0 1 0 5984 5984 0 0 0 0 0.000 0 0 0 3 3 0 0 0 0 0 0 0 0 0 "0603R" 0 2 "" 0 3 1 0 0 0 "" 0 0 0 0 0 0 0
5988 "2004094" 0 "Main_Library" 302162 302482 337562 338362 350962 0 0 0 0 0 1 0 5988 5988 0 0 0 0 90.000 0 0 0 3 3 0 0 0 0 0 0 0 0 0 "0603R" 0 2 "" 0 3 1 0 0 0 "" 0 0 0 0 0 0 0
5990 "2002432" 0 "Main_Library" 1008 0 0 0 0 0 0 0 0 0 1 0 5990 5990 0 0 0 0 90.000 0 0 0 3 3 0 0 0 0 0 0 0 0 0 "DF13-30DP-1.25V" 0 2 "" 0 3 1 0 0 0 "" 0 0 0 0 0 0 0
5991 "2004956" 0 "Main_Library" 302182 302502 337582 338382 0 0 0 0 0 0 1 0 5991 5991 0 0 0 0 90.000 0 0 0 3 3 0 0 0 0 0 0 0 0 0 "SOT23-5" 0 2 "" 0 3 1 0 0 0 "" 0 0 0 0 0 0 0
6004 "2005016" 0 "Main_Library" 1007 0 0 0 0 0 0 0 0 0 1 0 6004 6004 0 0 0 0 0.000 0 0 0 3 3 0 0 0 0 0 0 0 0 0 "C3506 (tray57)" 0 2 "" 0 3 1 0 0 0 "" 0 0 0 0 0 0 0
6033 "2004103" 0 "Main_Library" 302162 302482 337562 338362 350962 0 0 0 0 0 1 0 6033 6033 0 0 0 0 0.000 0 0 0 3 3 0 0 0 0 0 0 0 0 0 "0805R" 0 2 "" 0 3 1 0 0 0 "" 0 0 0 0 0 0 0
6035 "2004095" 0 "Main_Library" 302162 302482 337562 338362 350962 0 0 0 0 0 1 0 6035 6035 0 0 0 0 0.000 0 0 0 3 3 0 0 0 0 0 0 0 0 0 "0805R" 0 2 "" 0 3 1 0 0 0 "" 0 0 0 0 0 0 0
6036 "2004090" 0 "Main_Library" 302162 302482 337562 338362 350962 0 0 0 0 0 1 1511 6036 6036 0 0 0 0 0.000 90 0 0 3 3 0 0 0 0 0 0 0 0 0 "0603C" 0 2 "" 0 3 1 0 0 0 "" 0 0 0 0 0 0 0
6037 "2004089" 0 "Main_Library" 302162 302482 337562 338362 350962 0 0 0 0 0 1 1512 6037 6037 0 0 0 0 0.000 90 0 0 3 3 0 0 0 0 0 0 0 0 0 "0603C" 0 2 "" 0 3 1 0 0 0 "" 0 0 0 0 0 0 0
6038 "2003036" 0 "Main_Library" 302162 302482 337562 338362 350962 0 0 0 0 0 1 0 6038 6038 0 0 0 0 0.000 0 0 0 3 3 0 0 0 0 0 0 0 0 0 "0805R" 0 2 "" 0 3 1 0 0 0 "" 0 0 0 0 0 0 0
8588 "2004010" 0 "Main_Library" 302182 302502 337582 338382 0 0 0 0 0 0 1 0 8588 8588 0 0 0 0 90.000 0 0 0 3 3 0 0 0 0 0 0 0 0 0 "SOT23-6" 0 2 "" 0 3 1 0 0 0 "" 0 0 0 0 0 0 0
8595 "2006698" 0 "Main_Library" 302983 0 0 0 0 0 0 0 0 0 1 0 8595 8595 0 0 0 0 0.000 0 0 0 3 3 0 0 0 0 0 0 0 0 0 "1812C" 0 2 "" 0 3 1 0 0 0 "" 0 0 0 0 0 0 0
8982 "2004951" 0 "Main_Library" 306028 0 0 0 0 0 0 0 0 0 1 0 8982 8982 0 0 0 1 0.000 0 0 0 3 3 0 0 0 0 0 0 0 0 0 "2040247-5" 0 1 "" 0 3 1 0 0 0 "" 0 0 0 0 0 0 0
9059 "2004106" 0 "Main_Library" 302161 302481 337561 338361 350961 0 0 0 0 0 1 2444 9059 9059 0 0 0 0 0.000 90 0 0 3 3 0 0 0 0 0 0 0 0 0 "0402C" 0 2 "" 0 3 1 0 0 0 "" 0 0 0 0 0 0 0
9199 "2004112" 0 "Main_Library" 302162 302482 337562 338362 350962 0 0 0 0 0 1 0 9199 9199 0 0 0 0 0.000 0 0 0 3 3 0 0 0 0 0 0 0 0 0 "CAY16-F4" 0 2 "" 0 3 1 0 0 0 "" 0 0 0 0 0 0 0
9372 "2003028" 0 "Main_Library" 302182 302502 337582 338382 0 0 0 0 0 0 1 0 9372 9372 0 0 0 0 0.000 0 0 0 3 3 0 0 0 0 0 0 0 0 0 "2001285" 0 2 "" 0 3 1 0 0 0 "" 0 0 0 0 0 0 0
9373 "2007009" 0 "Main_Library" 302823 0 0 0 0 0 0 0 0 0 1 0 9373 9373 0 0 0 0 0.000 0 0 0 3 3 0 0 0 0 0 0 0 0 0 "2001287" 0 2 "" 0 3 1 0 0 0 "" 0 0 0 0 0 0 0
9388 "2004111" 0 "Main_Library" 304424 0 0 0 0 0 0 0 0 0 1 0 9388 9388 0 0 0 0 0.000 0 0 0 3 3 0 0 0 0 0 0 0 0 0 "2001301" 0 2 "" 0 3 1 0 0 0 "" 0 0 0 0 0 0 0
9666 "2006689" 0 "Main_Library" 302181 302501 337581 338381 0 0 0 0 0 0 1 0 9666 9666 0 0 0 0 0.000 0 0 0 3 3 0 0 0 0 0 0 0 0 0 "SOD-923" 0 2 "" 0 3 1 0 0 0 "" 0 0 0 0 0 0 0
9825 "2006696" 0 "Main_Library" 302182 302502 337582 338382 0 0 0 0 0 0 1 0 9825 9825 0 0 0 0 0.000 0 0 0 1 3 0 0 0 0 0 0 0 0 0 "1210C" 0 2 "" 0 3 1 0 0 0 "" 0 0 0 0 0 0 0
10782 "2004093" 0 "Main_Library" 302983 0 0 0 0 0 0 0 0 0 1 0 10782 10782 0 0 0 0 0.000 0 0 0 3 3 0 0 0 0 0 0 0 0 0 "2002119" 0 2 "" 0 3 1 0 0 0 "" 0 0 0 0 0 0 0
11614 "2004830" 0 "Main_Library" 302182 302502 337582 338382 0 0 0 0 0 0 1 0 11614 11614 0 0 0 0 0.000 0 0 0 3 3 0 0 0 0 0 0 0 0 0 "1206C_1.6mm" 0 2 "" 0 3 1 0 0 0 "" 0 0 0 0 0 0 0
11618 "2006682" 0 "Main_Library" 302983 0 0 0 0 0 0 0 0 0 1 0 11618 11618 0 0 0 0 0.000 0 0 0 3 3 0 0 0 0 0 0 0 0 0 "DLW5BT" 0 2 "" 0 3 1 0 0 0 "" 0 0 0 0 0 0 0
11620 "2009398" 0 "Main_Library" 302162 302482 337562 338362 350962 0 0 0 0 0 1 0 11620 11620 0 0 0 0 0.000 0 0 0 3 3 0 0 0 0 0 0 0 0 0 "0603R" 0 2 "" 0 3 1 0 0 0 "" 0 0 0 0 0 0 0
11626 "2004109" 0 "Main_Library" 302162 302482 337562 338362 350962 0 0 0 0 0 1 0 11626 11626 0 0 0 0 0.000 0 0 0 3 3 0 0 0 0 0 0 0 0 0 "CAY16-F4" 0 2 "" 0 3 1 0 0 0 "" 0 0 0 0 0 0 0
11640 "2001694" 0 "Main_Library" 302162 302482 337562 338362 350962 0 0 0 0 0 1 0 11640 11640 0 0 0 0 0.000 0 0 0 3 3 0 0 0 0 0 0 0 0 0 "2001312" 0 2 "" 0 3 1 0 0 0 "" 0 0 0 0 0 0 0
11641 "2010941" 0 "Main_Library" 302162 302482 337562 338362 350962 0 0 0 0 0 1 0 11641 11641 0 0 0 0 0.000 0 0 0 3 3 0 0 0 0 0 0 0 0 0 "0805R" 0 2 "" 0 3 1 0 0 0 "" 0 0 0 0 0 0 0
11642 "2010940" 0 "Main_Library" 302162 302482 337562 338362 350962 0 0 0 0 0 1 0 11642 11642 0 0 0 0 0.000 0 0 0 3 3 0 0 0 0 0 0 0 0 0 "0805R" 0 2 "" 0 3 1 0 0 0 "" 0 0 0 0 0 0 0