1 1 199.500 99.000 90.000 2863 0 "1" 0 0 1000 0 0 0 0 0.000
2 1 199.500 34.838 90.000 2863 0 "2" 0 0 1000 0 0 0 0 0.000
3 1 175.540 83.970 90.000 2863 0 "3" 0 0 1000 0 0 0 0 0.000
4 1 175.450 49.910 90.000 2863 0 "4" 0 0 1000 0 0 0 0 0.000
5 1 -50.523 -68.323 90.000 0 0 "5" 0 0 0 0 0 0 0 0.000
6 1 -50.523 -68.323 90.000 0 0 "6" 0 0 0 0 0 0 0 0.000
7 1 44.439 84.944 0.000 2376 0 "BQ1" 0 0 1000 0 0 0 0 0.000
8 1 154.950 62.800 90.000 5046 0 "BQ2" 0 0 1000 0 0 0 0 0.000
9 1 30.300 65.950 90.000 5969 0 "C1" 0 0 1000 0 0 0 0 0.000
10 1 77.700 73.600 0.000 0 0 "C10" 0 0 0 0 0 0 0 0.000
11 1 173.240 55.750 180.000 9059 0 "C11" 0 0 1000 0 0 0 0 0.000
12 1 27.900 33.100 180.000 0 0 "C12" 0 0 0 0 0 0 0 0.000
13 1 43.650 32.950 0.000 0 0 "C13" 0 0 0 0 0 0 0 0.000
14 1 185.250 73.600 -90.000 9372 0 "C14" 0 0 1000 0 0 0 0 0.000
15 1 226.200 34.900 0.000 0 0 "C15" 0 0 0 0 0 0 0 0.000
16 1 225.825 36.400 0.000 0 0 "C16" 0 0 0 0 0 0 0 0.000
17 1 82.800 24.306 0.000 5969 0 "C17" 0 0 1000 0 0 0 0 0.000
18 1 84.900 29.350 -90.000 6037 0 "C18" 0 0 1000 0 0 0 0 0.000
19 1 78.400 24.300 180.000 9059 0 "C19" 0 0 1000 0 0 0 0 0.000
20 1 18.600 65.875 90.000 5969 0 "C2" 0 0 1000 0 0 0 0 0.000
21 1 142.500 23.650 -90.000 9825 0 "C20" 0 0 1000 0 0 0 0 0.000
22 1 177.450 66.100 -90.000 9059 0 "C21" 0 0 1000 0 0 0 0 0.000
23 1 230.675 35.500 180.000 0 0 "C22" 0 0 0 0 0 0 0 0.000
24 1 233.550 43.450 90.000 0 0 "C23" 0 0 0 0 0 0 0 0.000
25 1 222.450 40.150 0.000 6037 0 "C24" 0 0 1000 0 0 0 0 0.000
26 1 202.960 49.450 180.000 9059 0 "C25" 0 0 1000 0 0 0 0 0.000
27 1 74.000 15.200 -90.000 5974 0 "C26" 0 0 1000 0 0 0 0 0.000
28 1 53.850 24.700 0.000 10782 0 "C27" 0 0 1000 0 0 0 0 0.000
29 1 203.700 42.400 90.000 9372 0 "C28" 0 0 1000 0 0 0 0 0.000
30 1 161.100 65.350 180.000 9059 0 "C29" 0 0 1000 0 0 0 0 0.000
31 1 32.700 46.450 180.000 8595 0 "C3" 0 0 1000 0 0 0 0 0.000
32 1 42.900 41.980 180.000 0 0 "C30" 0 0 0 0 0 0 0 0.000
33 1 223.800 47.800 -90.000 6036 0 "C31" 0 0 1000 0 0 0 0 0.000
34 1 205.950 42.400 -90.000 9372 0 "C32" 0 0 1000 0 0 0 0 0.000
35 1 221.400 48.850 180.000 9059 0 "C33" 0 0 1000 0 0 0 0 0.000
36 1 163.050 59.940 90.000 9059 0 "C34" 0 0 1000 0 0 0 0 0.000
37 1 166.200 70.450 180.000 9059 0 "C35" 0 0 1000 0 0 0 0 0.000
38 1 167.850 73.150 -90.000 0 0 "C36" 0 0 0 0 0 0 0 0.000
39 1 231.450 85.450 90.000 0 0 "C37" 0 0 0 0 0 0 0 0.000
40 1 186.450 84.675 -90.000 11614 0 "C38" 0 0 1000 0 0 0 0 0.000
41 1 154.650 11.500 0.000 9059 0 "C39" 0 0 1000 0 0 0 0 0.000
42 1 18.750 76.000 0.000 5969 0 "C4" 0 0 1000 0 0 0 0 0.000
43 1 161.550 18.700 90.000 9372 0 "C40" 0 0 1000 0 0 0 0 0.000
44 1 153.225 13.750 0.000 6036 0 "C41" 0 0 1000 0 0 0 0 0.000
45 1 158.850 12.550 180.000 9825 0 "C42" 0 0 1000 0 0 0 0 0.000
46 1 179.850 73.750 -90.000 0 0 "C43" 0 0 0 0 0 0 0 0.000
47 1 82.650 67.300 -90.000 10782 0 "C44" 0 0 1000 0 0 0 0 0.000
48 1 114.600 95.050 -90.000 9825 0 "C45" 0 0 1000 0 0 0 0 0.000
49 1 125.250 94.900 -90.000 9825 0 "C46" 0 0 1000 0 0 0 0 0.000
50 1 47.741 84.944 -90.000 2854 0 "C47" 0 0 1000 0 0 0 0 0.000
51 1 67.132 81.105 -90.000 5972 0 "C48" 0 0 1000 0 0 0 0 0.000
52 1 41.010 85.071 90.000 2854 0 "C49" 0 0 1000 0 0 0 0 0.000
53 1 30.300 76.000 180.000 5969 0 "C5" 0 0 1000 0 0 0 0 0.000
54 1 65.989 81.105 -90.000 5972 0 "C50" 0 0 1000 0 0 0 0 0.000
55 1 49.800 85.450 90.000 9372 0 "C51" 0 0 1000 0 0 0 0 0.000
56 1 57.638 51.942 -90.000 9372 0 "C52" 0 0 1000 0 0 0 0 0.000
57 1 55.733 51.942 -90.000 9059 0 "C53" 0 0 1000 0 0 0 0 0.000
58 1 64.242 51.942 -90.000 9372 0 "C54" 0 0 1000 0 0 0 0 0.000
59 1 63.326 81.105 -90.000 5972 0 "C55" 0 0 1000 0 0 0 0 0.000
60 1 62.183 81.105 -90.000 5972 0 "C56" 0 0 1000 0 0 0 0 0.000
61 1 43.459 52.328 180.000 9372 0 "C57" 0 0 1000 0 0 0 0 0.000
62 1 36.184 77.197 0.000 9059 0 "C58" 0 0 1000 0 0 0 0 0.000
63 1 36.184 63.227 0.000 9059 0 "C59" 0 0 1000 0 0 0 0 0.000
64 1 33.150 97.450 -90.000 8595 0 "C6" 0 0 1000 0 0 0 0 0.000
65 1 36.184 71.228 0.000 9059 0 "C60" 0 0 1000 0 0 0 0 0.000
66 1 48.158 52.328 180.000 9372 0 "C61" 0 0 1000 0 0 0 0 0.000
67 1 46.598 54.972 0.000 9059 0 "C62" 0 0 1000 0 0 0 0 0.000
68 1 58.409 71.355 90.000 9059 0 "C63" 0 0 1000 0 0 0 0 0.000
69 1 47.233 82.531 180.000 9059 0 "C64" 0 0 1000 0 0 0 0 0.000
70 1 52.730 52.328 180.000 9372 0 "C65" 0 0 1000 0 0 0 0 0.000
71 1 51.297 54.972 0.000 9059 0 "C66" 0 0 1000 0 0 0 0 0.000
72 1 58.409 65.513 90.000 9059 0 "C67" 0 0 1000 0 0 0 0 0.000
73 1 58.409 76.943 90.000 9059 0 "C68" 0 0 1000 0 0 0 0 0.000
74 1 39.268 52.328 180.000 9372 0 "C69" 0 0 1000 0 0 0 0 0.000
75 1 43.650 37.600 180.000 0 0 "C7" 0 0 0 0 0 0 0 0.000
76 1 36.184 60.179 0.000 9059 0 "C70" 0 0 1000 0 0 0 0 0.000
77 1 36.184 66.529 0.000 9059 0 "C71" 0 0 1000 0 0 0 0 0.000
78 1 36.184 69.958 0.000 9059 0 "C72" 0 0 1000 0 0 0 0 0.000
79 1 36.300 74.650 0.000 9059 0 "C73" 0 0 1000 0 0 0 0 0.000
80 1 165.918 25.981 -90.000 9372 0 "C74" 0 0 1000 0 0 0 0 0.000
81 1 176.332 26.108 -90.000 9372 0 "C75" 0 0 1000 0 0 0 0 0.000
82 1 178.237 26.108 -90.000 9059 0 "C76" 0 0 1000 0 0 0 0 0.000
83 1 231.150 95.050 -90.000 9825 0 "C77" 0 0 1000 0 0 0 0 0.000
84 1 154.950 59.800 0.000 2854 0 "C78" 0 0 1000 0 0 0 0 0.000
85 1 154.950 65.800 0.000 2854 0 "C79" 0 0 1000 0 0 0 0 0.000
86 1 27.750 37.750 0.000 0 0 "C8" 0 0 0 0 0 0 0 0.000
87 1 84.100 42.700 -90.000 10782 0 "C80" 0 0 1000 0 0 0 0 0.000
88 1 169.500 55.440 90.000 9059 0 "C81" 0 0 1000 0 0 0 0 0.000
89 1 153.000 23.650 90.000 9825 0 "C82" 0 0 1000 0 0 0 0 0.000
90 1 83.000 15.100 -90.000 10782 0 "C83" 0 0 1000 0 0 0 0 0.000
91 1 171.150 55.440 90.000 9059 0 "C84" 0 0 1000 0 0 0 0 0.000
92 1 199.800 15.850 180.000 0 0 "C85" 0 0 0 0 0 0 0 0.000
93 1 224.100 13.300 180.000 0 0 "C86" 0 0 0 0 0 0 0 0.000
94 1 199.800 22.150 180.000 0 0 "C87" 0 0 0 0 0 0 0 0.000
95 1 224.250 15.100 180.000 0 0 "C88" 0 0 0 0 0 0 0 0.000
96 1 54.000 13.500 0.000 0 0 "C89" 0 0 0 0 0 0 0 0.000
97 1 24.600 20.500 -90.000 0 0 "C9" 0 0 0 0 0 0 0 0.000
98 1 54.300 28.900 0.000 0 0 "C90" 0 0 0 0 0 0 0 0.000
99 1 63.400 32.800 -90.000 0 0 "C91" 0 0 0 0 0 0 0 0.000
100 1 66.100 32.800 -90.000 0 0 "C92" 0 0 0 0 0 0 0 0.000
101 1 79.000 15.800 -90.000 0 0 "C93" 0 0 0 0 0 0 0 0.000
102 1 77.900 67.600 -90.000 0 0 "C94" 0 0 0 0 0 0 0 0.000
103 1 79.700 42.600 -90.000 0 0 "C95" 0 0 0 0 0 0 0 0.000
104 1 21.700 48.400 90.000 2390 0 "D1" 0 0 1000 0 0 0 0 0.000
105 1 169.800 62.650 -90.000 5050 0 "D10" 0 0 1000 0 0 0 0 0.000
106 1 176.775 73.550 0.000 0 0 "D11" 0 0 0 0 0 0 0 0.000
107 1 171.000 73.600 0.000 0 0 "D12" 0 0 0 0 0 0 0 0.000
108 1 156.600 17.650 -90.000 2384 0 "D13" 0 0 1000 0 0 0 0 0.000
109 1 114.450 76.750 -90.000 0 0 "D14" 0 0 0 0 0 0 0 0.000
110 1 171.125 26.108 -90.000 2372 0 "D15" 0 0 1000 0 0 0 0 0.000
111 1 114.190 76.260 0.000 0 0 "D16" 0 0 0 0 0 0 0 0.000
112 1 55.350 41.650 0.000 0 0 "D17" 0 0 0 0 0 0 0 0.000
113 1 114.450 50.200 -90.000 0 0 "D18" 0 0 0 0 0 0 0 0.000
114 1 114.300 23.650 0.000 0 0 "D19" 0 0 0 0 0 0 0 0.000
115 1 24.750 65.800 180.000 2368 0 "D2" 0 0 1000 0 0 0 0 0.000
116 1 113.850 23.950 -90.000 0 0 "D20" 0 0 0 0 0 0 0 0.000
117 1 114.000 49.900 0.000 0 0 "D21" 0 0 0 0 0 0 0 0.000
118 1 198.900 13.300 0.000 0 0 "D22" 0 0 0 0 0 0 0 0.000
119 1 221.900 28.200 -90.000 0 0 "D23" 0 0 0 0 0 0 0 0.000
120 1 221.950 24.800 -90.000 0 0 "D24" 0 0 0 0 0 0 0 0.000
121 1 221.950 18.150 -90.000 0 0 "D25" 0 0 0 0 0 0 0 0.000
122 1 198.900 19.600 0.000 0 0 "D26" 0 0 0 0 0 0 0 0.000
123 1 47.614 68.942 -90.000 2365 0 "D3" 0 0 1000 0 0 0 0 0.000
124 1 21.600 93.400 90.000 2390 0 "D4" 0 0 1000 0 0 0 0 0.000
125 1 24.450 75.700 0.000 2368 0 "D5" 0 0 1000 0 0 0 0 0.000
126 1 190.500 32.950 180.000 2368 0 "D6" 0 0 1000 0 0 0 0 0.000
127 1 80.514 29.640 0.000 2383 0 "D7" 0 0 1000 0 0 0 0 0.000
128 1 228.300 41.950 -90.000 0 0 "D8" 0 0 0 0 0 0 0 0.000
129 1 222.450 44.050 -90.000 8588 0 "D9" 0 0 1000 0 0 0 0 0.000
130 1 221.100 13.300 0.000 0 0 "F1" 0 0 0 0 0 0 0 0.000
131 1 221.100 15.100 0.000 0 0 "F2" 0 0 0 0 0 0 0 0.000
132 1 39.300 20.500 90.000 0 0 "L1" 0 0 0 0 0 0 0 0.000
133 1 228.400 48.300 0.000 0 0 "L2" 0 0 0 0 0 0 0 0.000
134 1 120.000 95.050 -90.000 11618 0 "L3" 0 0 1000 0 0 0 0 0.000
135 1 159.600 24.550 0.000 9373 0 "L4" 0 0 1000 0 0 0 0 0.000
136 1 147.750 23.650 -90.000 11618 0 "L6" 0 0 1000 0 0 0 0 0.000
137 1 33.450 52.600 90.000 5988 0 "R1" 0 0 1000 0 0 0 0 0.000
138 1 57.150 33.100 180.000 0 0 "R10" 0 0 0 0 0 0 0 0.000
139 1 191.550 38.800 0.000 5982 0 "R11" 0 0 1000 0 0 0 0 0.000
140 1 163.800 19.150 90.000 0 0 "R110" 0 0 0 0 0 0 0 0.000
141 1 202.200 71.800 180.000 0 0 "R111" 0 0 0 0 0 0 0 0.000
142 1 220.500 71.650 0.000 0 0 "R112" 0 0 0 0 0 0 0 0.000
143 1 191.550 42.250 180.000 2346 0 "R12" 0 0 1000 0 0 0 0 0.000
144 1 157.350 29.650 180.000 5984 0 "R13" 0 0 1000 0 0 0 0 0.000
145 1 231.150 89.200 0.000 0 0 "R14" 0 0 0 0 0 0 0 0.000
146 1 191.550 40.600 180.000 2346 0 "R15" 0 0 1000 0 0 0 0 0.000
147 1 171.150 76.600 180.000 0 0 "R16" 0 0 0 0 0 0 0 0.000
148 1 177.000 76.600 0.000 0 0 "R17" 0 0 0 0 0 0 0 0.000
149 1 229.200 85.000 -90.000 0 0 "R18" 0 0 0 0 0 0 0 0.000
150 1 226.350 87.400 0.000 6035 0 "R19" 0 0 1000 0 0 0 0 0.000
151 1 35.250 52.600 90.000 5988 0 "R2" 0 0 1000 0 0 0 0 0.000
152 1 6.300 38.650 0.000 0 0 "R20" 0 0 0 0 0 0 0 0.000
153 1 180.450 18.700 90.000 0 0 "R21" 0 0 0 0 0 0 0 0.000
154 1 225.750 80.950 0.000 0 0 "R22" 0 0 0 0 0 0 0 0.000
155 1 182.250 68.650 180.000 5983 0 "R23" 0 0 1000 0 0 0 0 0.000
156 1 182.250 67.000 180.000 11620 0 "R24" 0 0 1000 0 0 0 0 0.000
157 1 226.350 89.500 0.000 6035 0 "R25" 0 0 1000 0 0 0 0 0.000
158 1 225.600 83.950 0.000 0 0 "R26" 0 0 0 0 0 0 0 0.000
159 1 224.550 59.800 180.000 5983 0 "R27" 0 0 1000 0 0 0 0 0.000
160 1 205.200 37.750 -90.000 0 0 "R28" 0 0 0 0 0 0 0 0.000
161 1 193.500 85.600 -90.000 2346 0 "R29" 0 0 1000 0 0 0 0 0.000
162 1 34.800 92.500 -90.000 5988 0 "R3" 0 0 1000 0 0 0 0 0.000
163 1 182.100 85.450 180.000 11626 0 "R30" 0 0 1000 0 0 0 0 0.000
164 1 190.500 85.600 180.000 11626 0 "R31" 0 0 1000 0 0 0 0 0.000
165 1 60.940 49.402 180.000 2748 0 "R32" 0 0 1000 0 0 0 0 0.000
166 1 53.850 85.450 -90.000 5982 0 "R33" 0 0 1000 0 0 0 0 0.000
167 1 63.235 67.000 180.000 11640 0 "R34" 0 0 1000 0 0 0 0 0.000
168 1 43.350 89.350 -90.000 11620 0 "R35" 0 0 1000 0 0 0 0 0.000
169 1 63.150 70.300 0.000 5984 0 "R36" 0 0 1000 0 0 0 0 0.000
170 1 36.450 87.850 180.000 0 0 "R37" 0 0 0 0 0 0 0 0.000
171 1 36.150 81.250 180.000 0 0 "R38" 0 0 0 0 0 0 0 0.000
172 1 6.150 102.400 180.000 0 0 "R39" 0 0 0 0 0 0 0 0.000
173 1 33.150 92.500 -90.000 5988 0 "R4" 0 0 1000 0 0 0 0 0.000
174 1 6.300 100.300 180.000 0 0 "R40" 0 0 0 0 0 0 0 0.000
175 1 46.200 89.350 90.000 11620 0 "R41" 0 0 1000 0 0 0 0 0.000
176 1 6.083 72.472 180.000 0 0 "R42" 0 0 0 0 0 0 0 0.000
177 1 6.083 70.186 180.000 0 0 "R43" 0 0 0 0 0 0 0 0.000
178 1 178.650 18.700 90.000 0 0 "R44" 0 0 0 0 0 0 0 0.000
179 1 179.400 65.800 -90.000 2405 0 "R45" 0 0 1000 0 0 0 0 0.000
180 1 191.550 37.150 0.000 5982 0 "R46" 0 0 1000 0 0 0 0 0.000
181 1 61.200 46.000 0.000 0 0 "R47" 0 0 0 0 0 0 0 0.000
182 1 63.235 65.476 0.000 5984 0 "R48" 0 0 1000 0 0 0 0 0.000
183 1 169.050 69.850 -90.000 11620 0 "R49" 0 0 1000 0 0 0 0 0.000
184 1 74.000 22.750 -90.000 2355 0 "R5" 0 0 1000 0 0 0 0 0.000
185 1 191.550 35.500 0.000 5982 0 "R50" 0 0 1000 0 0 0 0 0.000
186 1 158.250 62.350 -90.000 2748 0 "R51" 0 0 1000 0 0 0 0 0.000
187 1 102.150 96.400 0.000 0 0 "R52" 0 0 0 0 0 0 0 0.000
188 1 102.150 93.700 0.000 6035 0 "R53" 0 0 1000 0 0 0 0 0.000
189 1 143.550 90.850 90.000 6033 0 "R54" 0 0 1000 0 0 0 0 0.000
190 1 172.050 69.850 -90.000 5982 0 "R55" 0 0 1000 0 0 0 0 0.000
191 1 220.200 96.250 90.000 0 0 "R56" 0 0 0 0 0 0 0 0.000
192 1 146.100 90.550 -90.000 5984 0 "R57" 0 0 1000 0 0 0 0 0.000
193 1 74.700 33.850 180.000 6035 0 "R58" 0 0 1000 0 0 0 0 0.000
194 1 51.300 33.800 -90.000 0 0 "R59" 0 0 0 0 0 0 0 0.000
195 1 71.968 22.750 -90.000 2355 0 "R6" 0 0 1000 0 0 0 0 0.000
196 1 58.028 83.801 90.000 2344 0 "R60" 0 0 1000 0 0 0 0 0.000
197 1 63.150 68.500 180.000 5984 0 "R61" 0 0 1000 0 0 0 0 0.000
198 1 225.150 56.375 90.000 6033 0 "R62" 0 0 1000 0 0 0 0 0.000
199 1 233.100 40.450 0.000 0 0 "R63" 0 0 0 0 0 0 0 0.000
200 1 67.904 22.750 -90.000 2355 0 "R64" 0 0 1000 0 0 0 0 0.000
201 1 73.992 26.941 -90.000 2355 0 "R65" 0 0 1000 0 0 0 0 0.000
202 1 71.960 26.941 -90.000 2355 0 "R66" 0 0 1000 0 0 0 0 0.000
203 1 69.900 26.950 -90.000 2355 0 "R67" 0 0 1000 0 0 0 0 0.000
204 1 67.950 26.950 -90.000 2355 0 "R68" 0 0 1000 0 0 0 0 0.000
205 1 82.650 36.850 180.000 11641 0 "R69" 0 0 1000 0 0 0 0 0.000
206 1 221.550 47.200 0.000 11620 0 "R7" 0 0 1000 0 0 0 0 0.000
207 1 78.750 36.850 180.000 11641 0 "R70" 0 0 1000 0 0 0 0 0.000
208 1 82.546 22.274 0.000 6038 0 "R71" 0 0 1000 0 0 0 0 0.000
209 1 78.609 22.274 0.000 11642 0 "R72" 0 0 1000 0 0 0 0 0.000
210 1 70.700 40.600 90.000 2977 0 "R73" 0 0 1000 0 0 0 0 0.000
211 1 74.400 40.600 90.000 2977 0 "R74" 0 0 1000 0 0 0 0 0.000
212 1 225.150 52.750 90.000 5984 0 "R75" 0 0 1000 0 0 0 0 0.000
213 1 206.100 24.100 180.000 0 0 "R76" 0 0 0 0 0 0 0 0.000
214 1 208.500 19.450 90.000 0 0 "R77" 0 0 0 0 0 0 0 0.000
215 1 225.150 41.950 -90.000 11620 0 "R78" 0 0 1000 0 0 0 0 0.000
216 1 208.500 23.500 90.000 0 0 "R79" 0 0 0 0 0 0 0 0.000
217 1 153.900 29.650 180.000 6033 0 "R8" 0 0 1000 0 0 0 0 0.000
218 1 218.400 13.750 -90.000 0 0 "R80" 0 0 0 0 0 0 0 0.000
219 1 216.750 13.750 -90.000 0 0 "R81" 0 0 0 0 0 0 0 0.000
220 1 224.550 61.450 180.000 0 0 "R82" 0 0 0 0 0 0 0 0.000
221 1 195.750 14.950 -90.000 0 0 "R83" 0 0 0 0 0 0 0 0.000
222 1 221.250 22.150 180.000 0 0 "R84" 0 0 0 0 0 0 0 0.000
223 1 221.250 20.650 180.000 0 0 "R85" 0 0 0 0 0 0 0 0.000
224 1 195.750 20.350 -90.000 0 0 "R86" 0 0 0 0 0 0 0 0.000
225 1 192.450 19.750 -90.000 0 0 "R87" 0 0 0 0 0 0 0 0.000
226 1 231.150 90.700 0.000 0 0 "R88" 0 0 0 0 0 0 0 0.000
227 1 67.000 40.600 90.000 0 0 "R89" 0 0 0 0 0 0 0 0.000
228 1 69.928 22.750 -90.000 2355 0 "R9" 0 0 1000 0 0 0 0 0.000
229 1 202.500 46.900 90.000 11620 0 "R98" 0 0 1000 0 0 0 0 0.000
230 1 16.050 26.350 -90.000 0 0 "RU1" 0 0 0 0 0 0 0 0.000
231 1 27.750 42.250 180.000 0 0 "RU2" 0 0 0 0 0 0 0 0.000
232 1 29.850 96.400 -90.000 0 0 "RU3" 0 0 0 0 0 0 0 0.000
233 1 42.900 42.100 180.000 0 0 "RU4" 0 0 0 0 0 0 0 0.000
234 1 24.635 58.750 180.000 2864 0 "T1" 0 0 1000 0 0 0 0 0.000
235 1 24.450 82.750 0.000 2864 0 "T2" 0 0 1000 0 0 0 0 0.000
236 1 61.950 24.700 180.000 2370 0 "VD1" 0 0 1000 0 0 0 0 0.000
237 1 2.781 72.472 180.000 0 0 "VD10" 0 0 0 0 0 0 0 0.000
238 1 2.781 70.186 180.000 0 0 "VD11" 0 0 0 0 0 0 0 0.000
239 1 108.300 93.700 180.000 2370 0 "VD12" 0 0 1000 0 0 0 0 0.000
240 1 96.300 93.700 180.000 2370 0 "VD13" 0 0 1000 0 0 0 0 0.000
241 1 205.650 25.450 180.000 0 0 "VD14" 0 0 0 0 0 0 0 0.000
242 1 195.750 12.400 -90.000 0 0 "VD15" 0 0 0 0 0 0 0 0.000
243 1 194.100 19.750 -90.000 0 0 "VD16" 0 0 0 0 0 0 0 0.000
244 1 54.300 34.200 -90.000 0 0 "VD2" 0 0 0 0 0 0 0 0.000
245 1 54.400 18.000 180.000 2369 0 "VD3" 0 0 1000 0 0 0 0 0.000
246 1 2.700 38.650 180.000 0 0 "VD4" 0 0 0 0 0 0 0 0.000
247 1 51.750 85.600 90.000 2373 0 "VD5" 0 0 1000 0 0 0 0 0.000
248 1 36.750 85.750 0.000 0 0 "VD6" 0 0 0 0 0 0 0 0.000
249 1 36.750 83.500 0.000 0 0 "VD7" 0 0 0 0 0 0 0 0.000
250 1 2.850 102.400 180.000 0 0 "VD8" 0 0 0 0 0 0 0 0.000
251 1 2.850 100.300 180.000 0 0 "VD9" 0 0 0 0 0 0 0 0.000
252 1 204.900 21.400 0.000 0 0 "VT1" 0 0 0 0 0 0 0 0.000
253 1 212.550 19.750 0.000 0 0 "VT2" 0 0 0 0 0 0 0 0.000
254 1 60.940 51.942 0.000 2374 0 "VT3" 0 0 1000 0 0 0 0 0.000
255 1 212.400 23.650 0.000 0 0 "VT4" 0 0 0 0 0 0 0 0.000
256 1 77.650 54.850 0.000 2756 0 "VT5" 0 0 1000 0 0 0 0 0.000
257 1 10.500 54.750 0.000 0 0 "X1" 0 0 0 0 0 0 0 0.000
258 1 10.500 87.750 0.000 0 0 "X2" 0 0 0 0 0 0 0 0.000
259 1 6.814 23.498 -90.000 0 0 "X3" 0 0 0 0 0 0 0 0.000
260 1 234.225 22.700 90.000 0 0 "X4" 0 0 0 0 0 0 0 0.000
261 1 231.260 22.600 90.000 0 0 "X5" 0 0 0 0 0 0 0 0.000
262 1 188.100 27.250 180.000 6004 0 "XP1" 0 0 1000 0 0 0 0 0.000
263 1 175.500 14.300 0.000 0 0 "XP2" 0 0 0 0 0 0 0 0.000
264 1 221.400 83.050 -90.000 0 0 "XP4" 0 0 0 0 0 0 0 0.000
265 1 221.400 88.900 90.000 0 0 "XP5" 0 0 0 0 0 0 0 0.000
266 1 211.800 29.200 180.000 0 0 "XP6" 0 0 0 0 0 0 0 0.000
267 1 199.350 29.200 180.000 0 0 "XP7" 0 0 0 0 0 0 0 0.000
268 1 236.700 92.500 -90.000 2392 0 "XP8" 0 0 1000 0 0 0 0 0.000
269 1 213.000 66.950 -90.000 2755 0 "XS1" 0 0 1000 0 0 0 0 0.000
270 1 185.600 96.200 90.000 2391 0 "XS2" 0 0 1000 0 0 0 0 0.000
271 1 43.586 50.296 180.000 2366 0 "Z1" 0 0 1000 0 0 0 0 0.000
272 1 48.158 50.296 180.000 2366 0 "Z2" 0 0 1000 0 0 0 0 0.000
273 1 52.730 50.296 180.000 2366 0 "Z3" 0 0 1000 0 0 0 0 0.000
274 1 39.141 50.296 180.000 2366 0 "Z4" 0 0 1000 0 0 0 0 0.000
275 1 160.800 60.700 90.000 2366 0 "Z5" 0 0 1000 0 0 0 0 0.000
276 1 62.100 58.600 -90.000 2366 0 "Z6" 0 0 1000 0 0 0 0 0.000
277 1 234.450 66.800 0.000 5990 0 "XP3" 0 0 1000 0 0 0 0 0.000